Sample	Ia 1022	Ib 1020	Ic 1018	IIa5 1036	IIa6 1036'	IIb5 1034	IIb6 1034'	IIc5 1032	IIc6 1032'	IIIa5 1050	IIIa6 1050'	IIIb5 1050	IIIb6 1050'	IIIc5 1050	IIIc6 1050'
4627	0.471583467679033	0.0745089595140725	0.013593215787136	0.182335122931944	0.134446343426542	0.0361293924555057	0.0278832547122963	0.00390099125806107	0	0.0370714676747958	0.0185477845606134	0	0	0	0
4639	0.396375688861999	0.0648855617705347	0.0102423619576594	0.242323742761932	0.129073509304815	0.049876083706527	0.0286068002512437	0.00667119261000825	0	0.0524036529338398	0.019541405841442	0	0	0	0
4651	0.399031011553324	0.0678838759300107	0.0108352903904188	0.223100346950409	0.136409107849448	0.0494765429545053	0.031856788001234	0.00642544786441532	0	0.049053925615782	0.0259276628904529	0	0	0	0
4663	0.40674251214817	0.0660834234779367	0.00920796997628981	0.212901079137953	0.155335121484039	0.0400681940122456	0.0296097820875595	0.00332663420290994	0	0.048197002636364	0.0285282808365326	0	0	0	0
4671	0.373794947809052	0.0666218880623277	0.0126588662933547	0.207705330460048	0.184634790179911	0.0432880657285736	0.0308257603115922	0.00481588557736011	0	0.0438999407147034	0.0317545248630775	0	0	0	0
4683	0.396122899839312	0.0759223025552643	0.0150593689462814	0.197067207085025	0.167499897991501	0.0430691539900867	0.0309044947859085	0.00408267157343738	0	0.0408354593199822	0.0294365439132015	0	0	0	0
4685	0.40339491715596	0.0757524591771152	0.0154713014302988	0.182423011143912	0.166284491116461	0.0399486922515496	0.0344148629070033	0.00492107757165111	0	0.0401474961600889	0.0372416910859595	0	0	0	0
4693	0.431975496445571	0.081302963887058	0.0122821861926515	0.219798373271725	0.118723491923756	0.0423604665041307	0.0289417447607232	0.0039455648885777	0	0.0396282198356243	0.0210414922901838	0	0	0	0
4700	0.411238381945712	0.069889423705351	0.0107438030805659	0.222241192563294	0.139414060228178	0.0411622171459765	0.0277068389391171	0.00447648864553108	0	0.0473273220705171	0.025800271675758	0	0	0	0
4710	0.399394306840463	0.0719392839016698	0.0136011140350664	0.246519922065034	0.115528792955093	0.0482717049717403	0.0220402912227107	0.00545388267717024	0	0.0579722932075106	0.0192784081235411	0	0	0	0
4711	0.441304975688587	0.0729188296773018	0.0114580760288353	0.223157702336883	0.101370102111139	0.0479136765945072	0.0230726898207276	0.00553328952513674	0	0.0564716845919697	0.0167989736249126	0	0	0	0
4719	0.406061016569565	0.0595573125989061	0.0105962649457195	0.202235639592167	0.162895551953088	0.0427914636524349	0.0292440244473004	0.00536514245372691	0	0.052762999292735	0.028490584494357	0	0	0	0
4722	0.407159589980447	0.0757218191040902	0.0129095751676019	0.21898587649411	0.136143053064669	0.0495551088418956	0.0249130377604712	0.00585649315646555	0	0.0461936768660933	0.0225617695641555	0	0	0	0
4741.5	0.441447177757987	0.0896024555398782	0.0292621322666148	0.160019419241973	0.13425613514777	0.0496882978970949	0.0385476183928568	0.00647519604338233	0	0.027001842501063	0.0236997252113799	0	0	0	0
4765	0.453008728892514	0.0883905329702626	0.0339339195246492	0.159465230377985	0.125617280248232	0.0464514632790727	0.033032240522374	0.00748733450891483	0	0.0278920704229294	0.0247211992530659	0	0	0	0
4781	0.452712873333678	0.090845292290869	0.0351275798092679	0.162025607643953	0.122293919476445	0.0480364194639431	0.0339940556660371	0.00798967826250752	0	0.0271345676522215	0.0198400064010775	0	0	0	0
4795	0.457390643240307	0.0722696608434671	0.017397680908527	0.220901874613924	0.10942161411746	0.0358112004232875	0.0212234498187287	0.00425342283671968	0	0.0453030627983464	0.0160273903992336	0	0	0	0
4803	0.454711551762629	0.0935106165879822	0.0243435767006195	0.161843559580404	0.127426448130541	0.0537204967327781	0.0298357418052377	0.00953801441111253	0	0.0290934092649127	0.0159765850237834	0	0	0	0
4811	0.468409171956997	0.0827240478160154	0.0207401453837609	0.166189677113371	0.131872375576928	0.0450530360490663	0.0218787656077559	0.00659579102728646	0	0.0374055147353869	0.0191314747334319	0	0	0	0
4823	0.435592953168747	0.0779907873765541	0.0119411312861393	0.198341627696919	0.138062997130125	0.0394614043120682	0.0235319727074154	0.00392324648646755	0	0.0507732648766855	0.0203806149588785	0	0	0	0
4827	0.423308882325772	0.0763957458901576	0.00735688410020775	0.209481134958598	0.152148920309795	0.0353589168882086	0.0218479025925294	0.00277696736511985	0	0.047694115185859	0.0236305303837533	0	0	0	0
4831	0.455807742039148	0.0754079145425855	0.0122980701746408	0.219095660583571	0.134206878309284	0.0379579564557668	0.028429529011046	0.00433058661779575	0	0.011586569288628	0.0208790929775336	0	0	0	0
4831	0.432215417536414	0.07803271192775	0.00924877763245384	0.211571639348422	0.128163392607925	0.0376400761640854	0.0276349790139811	0.00385870768891174	0	0.0507667774210785	0.0208675206589785	0	0	0	0
4847	0.516411938038414	0.0567466480951871	0.00759055928075787	0.149858841062098	0.163180590908828	0.0208006789012802	0.0249989525413124	0.00188883080366508	0	0.0291904158492417	0.029332544519215	0	0	0	0
4890	0.402812525219918	0.0639969101997994	0.00696646183289715	0.144583049909497	0.229187659245766	0.0274271648777338	0.0491814335289438	0.00321027935021963	0	0.0269781062291756	0.0456564096060505	0	0	0	0
4900.4	0.39265941438677	0.082247711731702	0.0131301064254967	0.160782652185403	0.194142994109798	0.0303650090962896	0.0551848850897289	0.00245261302658563	0	0.0248438998075911	0.0441907141406354	0	0	0	0
4905.2	0.379684208599054	0.0855520929094129	0.00829926898978744	0.130146992219646	0.226013305812042	0.0244658595296326	0.0700024668944689	0.00215708721435578	0	0.0215477450079114	0.0521309728236883	0	0	0	0
4912.4	0.371226666060344	0.0928801073190696	0.00754325731565903	0.142948091221209	0.204085400513858	0.0226024874377572	0.087216752688661	0.00212546326822946	0	0.0232573156590346	0.0461144585161774	0	0	0	0
4919.6	0.44297852140138	0.0701654433421309	0.00976882615172344	0.15107496765259	0.191923962273326	0.030548285287163	0.0433704546014101	0.00311438560879565	0	0.030617873675913	0.0264372800055671	0	0	0	0
4926.8	0.428446781840572	0.0783263138861247	0.0222558031249977	0.186700494423876	0.152111620832894	0.0447425837030237	0.0298141977240402	0.00589677607836987	0	0.0326084376748694	0.0190969907112319	0	0	0	0
4934	0.48347476863005	0.0791267124718359	0.0262604544682321	0.143537098566523	0.154591053788117	0.0391581280966532	0.0251937714624697	0.00674544710171366	0	0.0235951394903873	0.0183174259240176	0	0	0	0
4938.8	0.479390339381149	0.0767590291724819	0.0240749565986997	0.146873404363958	0.153170847942268	0.0399257922864826	0.0257956905061783	0.00570514347959288	0	0.0262433196037717	0.0220614766654185	0	0	0	0
4954	0.439575593495256	0.0694662269742923	0.0184563458224255	0.153971841400655	0.180839391030037	0.0433545228483002	0.0278499997018361	0.00615857549211953	0	0.0347360951262128	0.0255914081088656	0	0	0	0
4974.4	0.428586170955636	0.0652581465186597	0.0187542783627501	0.174512481639589	0.169147973733003	0.0465090279903821	0.023962271290337	0.00701221504814125	0	0.0402535886648756	0.0260038457966268	0	0	0	0
4975	0.433120009707114	0.0707516210695842	0.0211942323566776	0.16464882494287	0.173750347010926	0.0530923959105107	0.0270460775355698	0.00681520266357314	0	0.0340135053894704	0.015567783413705	0	0	0	0
4987	0.438486474087626	0.0731139787151803	0.0220060399439124	0.154890871325595	0.164262323465077	0.0251826071229873	0.054916952149683	0.00794059086024262	0	0.0370535175201933	0.0221466448095025	0	0	0	0
4990.2	0.428556636304169	0.0558687498561863	0.0062045343229908	0.18223908905931	0.192953621311384	0.0350067222636771	0.019647418091929	0.00322307067745297	0	0.0462455582108588	0.0300545999020423	0	0	0	0
4995	0.441403067775298	0.0654602991180533	0.0124253422413488	0.169689226702795	0.176945252452803	0.0413481674813162	0.0247438724188007	0.00526312294123897	0	0.0380790542096129	0.0246425946587327	0	0	0	0
5002	0.438102432869647	0.0639628629099774	0.0128308065925982	0.159935173575816	0.185567122442441	0.0427904499351999	0.0300990656398857	0.00539989479055013	0	0.0368094641041969	0.0245027271396873	0	0	0	0
5011	0.431625859286686	0.0640723586824594	0.0109954012411013	0.166446156708407	0.188489738322947	0.0430890721371986	0.0241155395525875	0.00500779717431835	0	0.03846599713824	0.0276920797560548	0	0	0	0
5042	0.365068827803034	0.0605589072524111	0.0128255512597187	0.185957216297744	0.200269787993372	0.0414188299273484	0.0455612439988104	0.0063941878744105	0	0.0370427412159578	0.0449027063771933	0	0	0	0
5049.2	0.411763414679447	0.0516038180273975	0.0113804637623408	0.150217056174577	0.222385068291225	0.0368362310740693	0.0463762340795923	0.00510601222808881	0	0.0289205613236459	0.0354111403596159	0	0	0	0
5056.4	0.419620969352339	0.063115354259578	0.0107262059849947	0.176217871304546	0.183258370339378	0.0449435638009566	0.0337685307570153	0.00563696357083765	0	0.0359727280507403	0.0267394425796145	0	0	0	0
5065	0.407548620206614	0.0767142623736785	0.0284650183606399	0.158126491550892	0.172663672181555	0.0539181418121724	0.0268700130975243	0.0121038266734163	0	0.0336759045728841	0.029914049170624	0	0	0	0
5077	0.431622547266349	0.0639678793843904	0.0193423048352212	0.163663198589221	0.179593043018301	0.04019159478608	0.0265763658938561	0.0082085425998422	0	0.0328572455542608	0.0339772780724791	0	0	0	0
5089	0.425934407543651	0.0796041655872753	0.02761100461116	0.156435417853997	0.166082586394487	0.045336511061603	0.0314222061033107	0.0108305269157038	0	0.0262431998342055	0.0304999740946065	0	0	0	0
5101	0.419649309297087	0.0758009641985767	0.0233598095793892	0.161250977243201	0.169160742876995	0.0500745817001802	0.0313768457260205	0.0110188447363066	0	0.0303809515821518	0.0279269730600922	0	0	0	0
5109	0.435574784540699	0.0687315595655517	0.0232752314592462	0.152506478130661	0.179631358983643	0.0445741996759087	0.02707713678845	0.00973978916448456	0	0.0283224611383208	0.0305670005530354	0	0	0	0
5121	0.424422874166644	0.0626294937112637	0.00984773278559667	0.147376637520955	0.209289661470522	0.0417852916012056	0.0205540368251546	0.0158150017439729	0	0.0322923156879054	0.0359869544867801	0	0	0	0
5132	0.416787558289802	0.0583810518274973	0.0167840752751045	0.150566669791837	0.221901434978199	0.0423107560026538	0.0221140420123141	0.00772632856136463	0	0.0294185918076154	0.0340094914536123	0	0	0	0
NA	NA	NA	NA	NA	NA	NA	NA	NA	NA	NA	NA	NA	NA	NA	NA
NA	NA	NA	NA	NA	NA	NA	NA	NA	NA	NA	NA	NA	NA	NA	NA
