Sample	Ia	Ib	Ic	IIa	IIa'	IIb	IIb'	IIc	IIc'	IIIa	IIIa'	IIIb	IIIb'	IIIc	IIIc'
10GJ-1	0.18023502045805	0.160769750802124	0.0248397013867895	0.032567656584707	0.298448709133504	0.0238505288934327	0.137738121091741	0.00412624178665764	0.00716518747740812	0.0168253118490744	0.0971705049108699	0.00345092052204643	0.0128123451035962	0	0
10GJ-3	0.178307856262697	0.155982948679522	0.0201235554667466	0.0316714956539115	0.318927964831652	0.0258267559196723	0.121444033703001	0.00341359443167816	0.00535185000166517	0.0167832284277484	0.108657208512339	0.00256102840776634	0.0109484797016019	0	0
10GJ-5	0.204694858737813	0.166682525601949	0.0208785440883517	0.0304430167992167	0.304441422720432	0.0257395635416379	0.11632989450227	0.00407011900340404	0.0049919835640041	0.0145267847185346	0.0920503761637133	0.00385423285214254	0.0112966777065319	0	0
10GJ-7	0.194301569601873	0.183207049805596	0.0255636962237626	0.0299307506342187	0.318515991385214	0.0244192036112859	0.10829236156219	0.0042527732097976	0.00488804223698728	0.0150817572751328	0.0784683294021161	0.00427378078344805	0.00880469426837764	0	0
10GJ-9	0.206100699289642	0.187688180331606	0.0267678903905981	0.0325458912945226	0.271550889232363	0.0304975669147847	0.117004188885946	0.0035419079657352	0.00449722168417197	0.0185416510192868	0.0870053616158901	0.00392469229015711	0.010333859085297	0	0
10GJ-10	0.218307273074007	0.193260424497747	0.025541733452484	0.037119517849741	0.264361511826015	0.0353180738576276	0.109840801524371	0.00540433197634009	0.0057069367414195	0.014835513821315	0.0763667254539465	0.00530188765482883	0.00863526827015671	0	0
10GJ-12	0.247651464548129	0.220675639185367	0.0315478305359351	0.042108778761565	0.218188536588832	0.0454457598453733	0.101000525844549	0.00551141935392181	0.00557395221920612	0.0138652416753123	0.0538351122038571	0.00603726390290351	0.00855847533504825	0	0
10GJ-14	0.249297197513528	0.220135467113909	0.0297273492175606	0.0415940882984441	0.215599260474501	0.0415884602505044	0.108269572240216	0.00454464871131772	0.00787363906765758	0.0134538485998824	0.0519356263876656	0.00606703567900991	0.00991380644580331	0	0
10GJ-16	0.245443524876571	0.237486209977475	0.04474469057916	0.0376095336770177	0.18597549465807	0.0390357261207146	0.11476235019736	0	0	0.0135320494804884	0.0541995075441386	0.00757140400256715	0.0196395088864373	0	0
10GJ-18	0.252501499135792	0.261687380216111	0.0386571270679255	0.0346329762842597	0.179179061482204	0.0354501522651648	0.119225387717669	0.00632576514715047	0.00931815776787499	0.00982668814448142	0.0384366659219979	0.004200519700408	0.0105586191489612	0	0
10GJ-20	0.253585575026293	0.265915976411861	0.0444004332515318	0.0374621297347643	0.163858554886376	0.0357615651473212	0.115999434889306	0.00674470077912021	0.0125737129342326	0.0125397016424838	0.0337679802001957	0.00611156750194911	0.0112786675945645	0	0
10GJ-22	0.240647137538924	0.275509103939015	0.0462712219128736	0.0418762168709847	0.155182364170245	0.0492709872589248	0.105454753010864	0.00943689394275712	0.00958275991095834	0.0144407308519207	0.0268583641448766	0.0137938469929414	0.011675619454715	0	0
10GJ-24	0.26545500260412	0.288859754673946	0.0475937333500955	0.0379926126805673	0.138093784235197	0.0400747113018804	0.109050962925714	0.011986135306478	0.0103290769442599	0.0113707249031686	0.0240285435486671	0.00781475428482487	0.00735020324108164	0	0
10GJ-25	0.250700553491479	0.280269777741446	0.0508680523695363	0.0360834402445528	0.143218770106678	0.0428256593600008	0.110715534964835	0.0134566329722542	0.00955110634343609	0.0134193739256743	0.0263076674112915	0.0114846840293824	0.0110987470394351	0	0
10GJ-27	0.26294089382082	0.284279822302405	0.0571971844212319	0.0331746959831597	0.135700395439525	0.036974178189752	0.109911487076071	0.0120462024713428	0.0112819191120878	0.0123642540217413	0.0255812152173958	0.00870529028030349	0.00984246166416361	0	0
10GJ-29	0.269107183286337	0.290761405832493	0.0484842467967538	0.0319931134596269	0.141839364907943	0.0396169785667327	0.10342462519326	0.011149463835372	0.00924622166475576	0.0105096015661794	0.027624857892462	0.00732724021410264	0.0089156967839808	0	0
10GJ-31	0.27230205430641	0.287522734309557	0.0466637101951933	0.0314172897687701	0.143584493674843	0.0338074719300684	0.106329275907184	0.010340295750109	0.0101527583805302	0.010092452245999	0.0289645951509455	0.00820898870289594	0.0106138796774946	0	0
10GJ-33	0.24500464947495	0.285325803451952	0.047869179651176	0.0333242611870903	0.14915288834456	0.0417318727177882	0.11610079154476	0.00880905400195051	0.00940781565398834	0.0120319339547754	0.0322673561497811	0.00705586174049126	0.0119185321267379	0	0
10GJ-35	0.244944320299678	0.272617270442934	0.0438437074057247	0.0324017839757439	0.151823382692468	0.038507542953574	0.122810596296674	0.0106537844578995	0.0123042401876698	0.0173668740553923	0.0290823280698013	0.0103246205342655	0.0133195486281746	0	0
10GJ-41	0.253114217205685	0.286298576223095	0.0499746259449242	0.0260947159709396	0.147776987524266	0.0354293497638987	0.125251618185557	0.00654820410173015	0.0105476834148007	0.0101496220303394	0.0306507266035177	0.00622371804425462	0.0119399549869923	0	0
10GJ-43	0.252227086793349	0.288055313021607	0.0572728579853174	0.0274064519355598	0.133792955424923	0.0379391398391705	0.126990312302688	0.00754135869485942	0.0115037498411084	0.0105170592243591	0.0278836476087079	0.00626293273208068	0.0126071345962695	0	0
10GJ-45	0.240416499745831	0.277548670749073	0.0555703306210802	0.0310624244648153	0.141166212754211	0.0440603675512629	0.126444636707322	0.00673967419297283	0.0122539530781324	0.0129710113214407	0.0336916380236124	0.00585092594774564	0.0122236548424997	0	0
10GJ-47	0.243654376552273	0.279012582845068	0.0613719005996405	0.0282283848127667	0.134901272006257	0.0410225448358193	0.124179096285522	0.00857334961647708	0.0135214127914157	0.0133951726882281	0.0293865005420091	0.00759910534187741	0.0151543010826461	0	0
10GJ-48	0.223943969888293	0.279508744388516	0.0698119949884061	0.0249201244294132	0.179756251102981	0.0340100038719568	0.114695963594827	0.00874921748719664	0.0110618556067426	0.00891428049648846	0.0276770278824786	0.00574384152546316	0.0112067247372381	0	0
10GJ-49	0.247261729606016	0.273149769961933	0.0613571078259651	0.026398911698078	0.143230808753124	0.0415995235759826	0.124290618650599	0.00924823092552371	0.0117733949882062	0.0119602279361965	0.0284482355963474	0.00761928116023261	0.0136621593217964	0	0
10GJ-51	0.248842855566303	0.279168803515901	0.0544588199398869	0.0234934401433366	0.139623351921217	0.0467207208376882	0.125215037359698	0.00953629830631707	0.0134410521737437	0.00948761060223444	0.0276578617658706	0.00747518550015255	0.0148789623676506	0	0
10GJ-53	0.244911172367789	0.281982362000804	0.06046753450593	0.0248580033157084	0.131980890532573	0.04398709031872	0.130342655902059	0.0112125879202268	0.0110850606735401	0.00914272260861888	0.0353937158496748	0.0146362040043555	0	0	0
10GJ-55	0.259366483235352	0.291969049881483	0.0581567763425815	0.016793363058256	0.137967671536124	0.0416949471112179	0.119960424780979	0.00899318136727683	0.0127027055248676	0.00701964142136644	0.0267968089216536	0.0053019307277037	0.0132770160911379	0	0
10GJ-57	0.265893493314415	0.289458830061227	0.0521059206366342	0.0164463842321988	0.144627627581314	0.0345429589303064	0.123246094292192	0.00883083234373313	0.0129084992520165	0.00660076186363566	0.0290988726268873	0.00470998288120171	0.0115297419842384	0	0
10GJ-59	0.266752323970371	0.301677283528255	0.0512922126674768	0.0131798725976609	0.143958451047625	0.030540956833363	0.122190143733988	0.00858069459817178	0.0136659519957894	0.00488711038182001	0.0273350000387006	0.0042864772401836	0.0116535213665952	0	0
10GJ-61	0.276762485854615	0.311648603349783	0.0470443435957861	0.0128970915920996	0.141391633709377	0.0264698562323304	0.118585966999934	0.00641451909578419	0.0120726732542358	0.00513900393154217	0.0267731799604124	0.00328892362852954	0.0115117187955715	0	0
10GJ-63	0.274837136773448	0.291657761629978	0.0436386375689646	0.0146280069340552	0.149770843722543	0.0257771128683717	0.121464700434566	0.00732587684927929	0.0129578178306539	0.00682323700062533	0.0321847814901886	0.00595252230216966	0.0129815645951572	0	0
10GJ-65	0.301318723586578	0.302470202738232	0.0400485909595497	0.00993607221454028	0.151168763511013	0.020015775020936	0.113824809628605	0.00419693458235145	0.0120649697158549	0.00390358735661285	0.0274273570023565	0.00255126881804195	0.0110729448653281	0	0
10GJ-67	0.299548178557946	0.290462202718007	0.0339019441298603	0.00927826538316346	0.157374244998112	0.0162431577953945	0.128961400528501	0.00437075311438279	0.0138212533031333	0.00381511891279728	0.0284623914684787	0.00240302944507361	0.0113580596451491	0	0
10GJ-69	0.281118616031429	0.290457646977738	0.0414742573575022	0.0200909780136467	0.157402302019436	0.0239334206354676	0.124284926597284	0	0.0138190088910332	0.0124922461920187	0.0349265972844441	0	0	0	0
10GJ-71	0.314953029972351	0.318888498558045	0.0341400732706755	0.00964960090940603	0.137346919958965	0.0158270728026675	0.111886585677555	0.00332390703797634	0.0113559043116256	0.00406268272443667	0.0262364572379593	0.00256062220551969	0.0097686453328167	0	0
10GJ-73	0.310386940583503	0.315289719479367	0.0351146566974866	0.01009222407879	0.14621551414384	0.0135145483140684	0.115043500627328	0.00343803197703528	0.0143058258050709	0.00315136568997237	0.0247671818151474	0	0.00868049078839119	0	0
10GJ-75	0.318032226424739	0.318188230334794	0.0398374240103294	0.00954943083467071	0.136959815716232	0.0113633911930814	0.110324637498361	0.00351672644050525	0.0126081032413961	0.0040776766702791	0.0250917352779608	0.00175421418009158	0.00869638817755901	0	0
10 YG-1	0.281689129883931	0.335690935419816	0.0342984375466679	0.00757814434459722	0.168030453243461	0.0130679754393166	0.108890963553033	0.00395262058021869	0.0102469460526303	0.00251753749570053	0.0242981388721085	0.00123516382299582	0.00850355374552349	0	0
10 YG-5	0.290922857277828	0.335275854648142	0.0319938640646242	0.00894802038663216	0.133702635460353	0.0142192035356425	0.12197599164379	0.00365649784533664	0.0124378664371158	0.00386710897190277	0.0293635213655474	0.00315588635134922	0.0104806920117365	0	0
10 YG-9	0.292016002966044	0.330908521986987	0.026138265521444	0.00899936761200564	0.144506573022407	0.0133485141511605	0.120128738944714	0.00307648213471048	0.0113921870501138	0.00460157584251567	0.0297721957010764	0.00327763673582616	0.0118339383309953	0	0
10 YG-13	0.30098443463525	0.324974466033877	0.0219296892831367	0.00789327815587924	0.151875766129139	0.0113036819141971	0.120887797716351	0.00214141631336235	0.00981614663149926	0.00434187579256638	0.0301684140212538	0.00286491540524321	0.0108181179682454	0	0
10 YG-17	0.304617958392464	0.309117482380808	0.0206458147543331	0.00959521493047894	0.159826214259945	0.0136804950767058	0.120745319321156	0.00255798645533265	0.00961180926836793	0.00437783217715869	0.0312170225947276	0.00220643233412884	0.0118004180543938	0	0
10 YG-21	0.307563920593072	0.294300268661258	0.020814142248362	0.0102967310929849	0.171837323128552	0.0149321269489923	0.117037893998895	0.00241522068284876	0.00876423065970521	0.00435230123051426	0.0335812640397937	0.00257348618214018	0.0115310905328811	0	0
10 YG-25	0.300026806261538	0.259039526591306	0.0179723339149786	0.0157782666970134	0.190375034772273	0.0179905419416837	0.118731507472878	0.00301646309081253	0.00882178893862378	0.00696457021470298	0.0458437650152998	0.00392484131198948	0.0115145537769011	0	0
10 YG-29	0.301405727672711	0.233392289105959	0.0182310104882971	0.0144033821571486	0.227760632740271	0.0162129925373343	0.11408639796356	0.0023324900890105	0.00905363424657407	0.0069183870370491	0.0427737931201311	0.00227666663255233	0.0111525962094012	0	0
10 YG-33	0.290890227197199	0.242748953714886	0.0273344518924994	0.0192775836960545	0.198417265798297	0.0141819252726826	0.1238574620595	0	0	0.00818115254823449	0.0531504732261786	0.00497407590531694	0.0169864286891513	0	0
10 YG-37	0.309862828769231	0.222021734311116	0.0186008909457282	0.0214067413202276	0.216737603358197	0.0178067823491718	0.117563917470058	0.00140678543737185	0.00222515846326751	0.00985963027627259	0.0471838372430314	0.00335896907057309	0.0119651209857535	0	0
10 YG-41	0.297667686656849	0.213715783001227	0.0209340268905408	0.0238675896840438	0.213008802494206	0.0214089588786549	0.119147433877459	0.00291821328057916	0.00829686319159714	0.0101595717305312	0.0545765475694949	0.00257330069605527	0.0117252220487627	0	0
10 YG-45	0.290953699858657	0.197927484827589	0.0223572574223854	0.0278273259601574	0.217372553651094	0.0286121386908866	0.118689591325914	0.00251063878422603	0.00285428008671038	0.0137677487684917	0.0600297924056034	0.00505023182453721	0.0120472563937474	0	0
10 YG-48	0.223943969888293	0.279508744388516	0.0698119949884061	0.0249201244294132	0.179756251102981	0.0340100038719568	0.114695963594827	0.00874921748719664	0.0110618556067426	0.00891428049648846	0.0276770278824786	0.00574384152546316	0.0112067247372381	0	0
10 YG-49	0.297275708234234	0.191922541058587	0.0178442658710613	0.0312318279690952	0.230112163474394	0.0293415145587345	0.113651856959905	0	0	0.0144672586796515	0.0608677540566024	0.00345919473099061	0.00982591440674388	0	0
10 YG-53	0.259695456038163	0.183871729724436	0.0248221189023512	0.039879933859919	0.224387714537567	0.0506720592725743	0.100341646934108	0.00480840693433811	0.0065794401138439	0.02186540378289	0.0657540718207535	0.00597795714721929	0.0113440609318377	0	0
10 YG-57	0.302184015585206	0.176616375071196	0.0195251232774088	0.0340370507836218	0.231915464964928	0.0401850999816987	0.0991418900312491	0.00354481345472645	0.00565374227966141	0.0152508222769932	0.057898904827959	0.00431535070990341	0.00973134675544807	0	0
10 YG-61	0.30194995993233	0.172982746929858	0.021979000431498	0.0330842516934584	0.245452490702246	0.0285500982856517	0.0997815113388081	0.00397800045204551	0.00653959165222632	0.0120819435217085	0.0598426059738499	0.00423278973719718	0.00954500934912296	0	0
10 YG-65	0.307263832338417	0.168445412514172	0.0200921397114038	0.0417716846186799	0.239007602979758	0.0393664421225154	0.0877685876975549	0.00404201412867417	0.00323295308378417	0.0144890491530639	0.0626915349177034	0.00385771276522804	0.00797103396904505	0	0
10 YG-69	0.270185441967067	0.181621598037732	0.0273724941610527	0.0444073587779182	0.225382684538686	0.0485835865929862	0.0961364098075227	0.00679949334434996	0.00456889957828689	0.0162099812253813	0.0658420559639069	0.00466297718822475	0.00822701881688543	0	0
10 YG-73	0.277718037834433	0.168748104779455	0.0387639663175573	0.0506752816589303	0.215996827692379	0.058239835786429	0.0900165613118425	0.00648923514730237	0.00525879965477829	0.0159420120827599	0.0622553707634531	0.00316064472487229	0.00673532224580719	0	0
10 YG-77	0.278636756501925	0.169091694822032	0.0413263141353029	0.0438359393415573	0.220782588198319	0.0583868940048715	0.0883617506089416	0.0057641235169325	0.004180089573348	0.0140449438202247	0.063845368115031	0.00445273827296299	0.0072907990885519	0	0
10 YG-81	0.255475821221968	0.172439072189143	0.0411633201634581	0.0493894516799454	0.211019629001469	0.0721347053230329	0.0822395401108592	0.0101943544543292	0.00663534284822545	0.0164316977041835	0.0687898150814024	0.00549820113859338	0.0085890490833912	0	0
10 YG-85	0.247147708665038	0.175380346538504	0.0408059575398267	0.0472288440084404	0.206133004853351	0.0715251376789975	0.092198895810994	0.0124509273946988	0.00725590225160425	0.0160104451908108	0.0703809717926677	0.00603591814389117	0.00744594013117537	0	0
10 YG-89	0.232573968744276	0.183839823903979	0.0395374509308899	0.0499568505345418	0.206589410147632	0.0695036408908426	0.0983568551547523	0.014478584499524	0.0060285496004343	0.0164661000308564	0.0688823875927548	0.00585446667095686	0.00793191129855965	0	0
10 YG-97	0.248547437252572	0.184201369512267	0.0410240922987366	0.0399189409805428	0.209304717573657	0.0718501546117636	0.0758440182864246	0.0262522677486207	0.00631577565209399	0.0162052386360901	0.0660223962744364	0.00576648262067486	0.00874710855212047	0	0
10 YG-101	0.234142101041877	0.20745442337172	0.0559471567415013	0.0407190518930856	0.183729336175081	0.0668005679597789	0.0873603611241861	0.0322581273894413	0.00755265663478958	0.0153772089084316	0.0572627808004647	0.00517381342891586	0.00622241453072664	0	0
10 YG-105	0.240854002805401	0.215710587747346	0.0603667801736223	0.0396907962331892	0.17736281165216	0.0542278729059856	0.0818259062917144	0.0398062925302233	0.00760644014221931	0.0143275517919315	0.0582736781362934	0.00363791867944368	0.00630936091047148	0	0
10 YG-109	0.212797414783956	0.233139673661678	0.0726342290851138	0.0373036046718673	0.166789323304706	0.0501243931252746	0.0910630444094207	0.041896751225326	0.0118169334517452	0.0144497788597288	0.0566348420926711	0.00461299212186061	0.00673701920665135	0	0
10 YG-113	0.22893641060626	0.228277928633267	0.0648159339208192	0.0361453333727259	0.173591246979533	0.0515670617558505	0.0827355069057793	0.0485441326167474	0.0070866268623043	0.0129619333854389	0.0558098164397567	0.00337074728527265	0.00615732123624507	0	0
10 YG-117	0.231478183175997	0.227195197692049	0.0586366695638982	0.0331432671216745	0.18296394329696	0.0450551633443495	0.0896350913130829	0.0386365522218302	0.00917112077599986	0.0134968522990245	0.0582670420495301	0.00432070257725089	0.00800021456835301	0	0
10 YG-121	0.220336562902747	0.227954834445075	0.0634117399423183	0.038368318625683	0.175363034211443	0.0548444156678635	0.0872032979274707	0.0425965885801014	0.00972194355167291	0.0149509656088401	0.0548394919182805	0.0036263415678942	0.00678246505060999	0	0
10YG-124	0.229675311710229	0.119168232479373	0.119450884250926	0.0223148447831709	0.279252627709539	0.0203216372127899	0.115927256466697	0.00520196421013475	0.0119148217414376	0.0075061375464557	0.0555325300946029	0.00249407236764062	0.0112396794270029	0	0
10 YG-129	0.237474036538548	0.219335383616172	0.0607243564598378	0.032858649449864	0.195346913643759	0.0416810014983248	0.0910835203559968	0.0305842341502312	0.00607167201476461	0.0130347830001222	0.0608035329599311	0.00393109313407114	0.00707082317837782	0	0
10 YG-133	0.229988582196733	0.191431413026765	0.0398723430706366	0.0427578738676255	0.218068591880601	0.0485240280963021	0.102765136768271	0.02299918537736	0.00542100286917291	0.0164952905650995	0.0677658074415288	0.00509875254774049	0.0088119922921649	0	0
10 YG-141	0.238691756226577	0.219974310390825	0.0469964721535376	0.041139173074153	0.192909872429867	0.0490446516773678	0.0992331472669205	0.0227959056865748	0.00757050791954226	0.0139929102133669	0.0557926488850931	0.00446627578230145	0.00739236829387413	0	0
10 YG-145	0.280555202042285	0.197555256224319	0.0383728505168084	0.0355560147727946	0.210919947934846	0.0443832761481866	0.0867807177481443	0.0190903466516133	0.0063374079062928	0.0142958666668347	0.0560588744501469	0.00353191258799855	0.00656232634973117	0	0
10 YG-153	0.217552529496598	0.229579709468434	0.0601001335477696	0.0436852152374186	0.181869874884593	0.0508287781803677	0.107136470301534	0.0235948537733762	0.00612391996348199	0.0167877366411311	0.050095871900834	0.0036621065629969	0.00898280004146467	0	0
10 YG-157	0.210507955990448	0.236446530516379	0.0625733187358808	0.0482315741887743	0.171665915327199	0.0549557467367243	0.111316624553774	0.0230897983253338	0.00724790035344524	0.016024050439502	0.0476570204781045	0.00366230637224262	0.00662125798219262	0	0
10 YG-165	0.221431139338481	0.235776025647915	0.0737706659468187	0.0366297619627854	0.173448775612818	0.0434953949311541	0.0989732585657946	0.0319478343533262	0.00850736948486299	0.0134304961410235	0.0479598684777841	0.00793582355727353	0.00669358597996173	0	0
10 YG-169	0.232621235025095	0.242711588660465	0.079722101106179	0.0309399736084407	0.162845909020189	0.0364300518035193	0.105803934147873	0.0319200531672752	0.00986370123371896	0.0101527790849774	0.0444872565647563	0.00545502390414524	0.00704639267336508	0	0
10 YG-177	0.254796515697801	0.249046189338561	0.0546068719434111	0.0334136107749994	0.172113180837398	0.045619462890316	0.106734672879435	0.0170956488140969	7.38543626762004e-05	0.0114281652621221	0.0431590315145637	0.00418666837212392	0.00772612731249483	0	0
10 YG-181	0.253177155943374	0.248535658724232	0.0535846950847661	0.0291342478801928	0.180012614985786	0.0425596538151301	0.106575715819639	0.0127846749312094	0.0057085900257956	0.0101342920849282	0.0418923049062028	0.00593199030157611	0.00996840549716781	0	0
10YG-193	0.276255040694063	0.178056266253935	0.0303731429714563	0.0297927392947766	0.238770965602198	0.0405558714215021	0.0988963117386315	0.0164197647851585	0.00417732714236078	0.011161912884172	0.0631165966497152	0.00297835265380039	0.00944570790823041	0	0
10 YG-197	0.263992520961758	0.186305958884766	0.0394051827397821	0.0435147584406984	0.204754253216084	0.0605743667650238	0.0856895225296289	0.0169252193559068	0.00877813160380574	0.0129461372909911	0.0667406779826073	0.00387780342204953	0.00649546680689863	0	0
10 YG-201	0.258481806610139	0.23123872155917	0.0334566303162095	0.0410424482493944	0.177833844842183	0.0422111551638046	0.115669653495164	0.0123923646078186	0.00529630192872564	0.015982306543681	0.0501825505830961	0.00493347590919052	0.0112787401914237	0	0
10 YG-205	0.255252759492164	0.227503735649897	0.0378570654264805	0.0376285690601041	0.189355470203011	0.0492691304597347	0.107882168143568	0.0128531863021211	0.00391100757332608	0.0135588681033951	0.0512650196506875	0.00397477400115205	0.00968824593435884	0	0
10 YG-213	0.261113915502181	0.229313826140639	0.0365896292860286	0.041950469148098	0.189487398999287	0.0404437721485312	0.0997489691020529	0.022849439443912	0.00388057614319676	0.0138365434136791	0.0489646680832631	0.00367166795706553	0.00814912463206579	0	0
10 YG-217	0.247442868918185	0.23429016241947	0.0413868570747378	0.0392910233720609	0.169261241544579	0.0596961092075059	0.106461627495871	0.0290981598029896	0.00618866986390836	0.0134634645343571	0.0411423261614454	0.00490692032673405	0.00737056927815493	0	0
10 YG-221	0.271937775738405	0.222072612523836	0.0332033233412443	0.0339555508750287	0.183577368482419	0.039153443133479	0.106571835848908	0.0234807824670806	0.00552511123564656	0.0145856918800799	0.0494551992086566	0.00491204579561226	0.0115692594696044	0	0
10 YG-225	0.251546933572596	0.212177437854067	0.0287914027950789	0.0424633628637218	0.195054458449843	0.054436672270762	0.109972386037963	0.0169124628692387	0.004182745774425	0.0152588191909777	0.0530835590941691	0.00518451411331887	0.0109352451138386	0	0
10 YG-229	0.273005731630425	0.205430949536939	0.0282201212228746	0.0375565954939056	0.203896653222101	0.0472811984145341	0.101250883190703	0.0173049930770522	0.00464724650446586	0.0133017232912042	0.0546366323740483	0.00428525713126986	0.00918201491047694	0	0
10 YG-233	0.261274744641939	0.215653335478073	0.0317521706746488	0.0367400890300065	0.195987005675401	0.0427574824020617	0.111065108000462	0.0224295470519738	0.00509002661108994	0.0142503960191768	0.0502337649621815	0.00419133408632344	0.00857499536666305	0	0
10 YG-237	0.275820339983795	0.194705814266522	0.0244902258885526	0.0356149347330473	0.221540240259377	0.0429414541713757	0.10702297641234	0.0140463429828109	0.00379883966971814	0.0143695239680643	0.0524222967568756	0.00359660770510288	0.00963040320241794	0	0
10 YG-245	0.23534734902962	0.200101112467998	0.0355994376484657	0.0404449871993462	0.205638058917635	0.052173340936006	0.116681017865511	0.0196603729157096	0.00458238011362456	0.0171325612157505	0.0562224566636118	0.00536611716580367	0.0110508078609173	0	0
10 YG-249	0.210739869405016	0.207828478500539	0.042816252059743	0.0412401242796961	0.199542626577879	0.0525149610898506	0.127886738649455	0.0230055382705379	0.00504414774325444	0.0183542100663105	0.0551245976159249	0.00480220539342844	0.0111002503483647	0	0
10 YG-257	0.270068171088889	0.177183017163067	0.0322553667536708	0.0371604853728199	0.224839753398707	0.0408317490983951	0.105937593364818	0.0190986920289701	0.00616806242966391	0.0162916115441791	0.0578681581200803	0.00394033620727793	0.0083570034294621	0	0
10 YG-261	0.290818572375945	0.164342076177112	0.0273914673176545	0.0360144934500755	0.237568598806309	0.0498726537045758	0.0949705421588321	0.00838659451978433	0.00518131229156055	0.0119647851451748	0.0592549520889598	0.00521879535210049	0.00901515661191577	0	0
10YG-264	0.226942607843895	0.180476613953009	0.0399508951011097	0.0516439185967083	0.204163927876374	0.0627054092719329	0.113282810707703	0.0109229401074895	0.00777655337741175	0.0212369021381897	0.0670246426684195	0.00579334699506373	0.00807943136269317	0	0
10 YG-265	0.22462753297303	0.188751693031941	0.0462181282627849	0.0503882467421463	0.196564295764461	0.0598823753731245	0.108533209725564	0.0102354465001907	0.00728168106565677	0.0209097663287178	0.0649976330427236	0.0104787171091562	0.0111312740805028	0	0
10YG-272	0.23470256772702	0.19323550577266	0.0600157812196628	0.066653579940964	0.18662170890636	0.0500404388396303	0.10991220892929	0.0106589666429934	0.00695196585907568	0.0246876222862367	0.0460196995224917	0.00337697527766075	0.0071229790759543	0	0
10YG-280	0.24706641615634	0.219450259574048	0.119251888376187	0.0664743581582277	0.139330909470103	0.0557430947483165	0.0786912836107923	0.013197262331965	0.0106021281252406	0.0162419449592678	0.0264233224386804	0.00269698738899973	0.00483014466183228	0	0
10YG-296	0.266297661734709	0.23437893705668	0.157709557712385	0.0529692376971992	0.120213576805686	0.043894444754828	0.0595736765711934	0.0185792614561268	0.00844250795011994	0.0101235154596822	0.0218017160546763	0.00196820580270689	0.00404770094400733	0	0
10YG-312	0.319691231519311	0.213351784156575	0.130590284939418	0.0367865726376827	0.111137441567111	0.0532972313525516	0.0668466889695381	0.0167276411763473	0.0172483990838952	0.00738959371618792	0.0200930635339275	0.00245312081729735	0.00438694653015788	0	0
10YG-328	0.30630904588397	0.214437468636136	0.0995843606135317	0.0461294263958283	0.132952785111164	0.0492780856588048	0.0755160037527546	0.0127023651081099	0.0169951236008989	0.0125428184932254	0.0240192655946589	0.00351002552745838	0.00602322562345908	0	0
10YG-344	0.31627824195237	0.218445372017314	0.10846535066704	0.0395230129554171	0.103287008214671	0.0521882927980884	0.0716216022413743	0.0316532709568975	0.0214308066880856	0.00917848513074377	0.0185125191080542	0.00399683312844768	0.00541920414149723	0	0
10YG-376	0.289865875194241	0.221692719551278	0.140423394144698	0.0282790887542203	0.128953885153803	0.0327542383393513	0.0853041207236019	0.0136622589892037	0.0204767553840498	0.00683423058099699	0.0219929047143279	0.0026223914225078	0.00713813704772065	0	0
10YG-384	0.315460067135574	0.0977644402512872	0.154714777181538	0.0698514517083868	0.178092556125555	0.041631132840253	0.0693842937107811	0.0112507549074451	0.0143642138685095	0.0101470692892718	0.0251434373843287	0.00503775232992566	0.007158053267144	0	0
10YG-392	0.323760445225926	0.209873826119328	0.0985462727313168	0.0366861854936328	0.155817367463575	0.0276112186818821	0.0790453959059631	0.00749925663004057	0.011472481263565	0.00864884607910393	0.0286718378680852	0.00348388818779281	0.00888297834978893	0	0
10YG-400	0.349809196417308	0.19955531727009	0.105730415037215	0.0500977671250158	0.136944935032169	0.027461523905639	0.0709048189731298	0.00890942348934023	0.014231424246247	0.00919326352970859	0.027161914974139	0	0	0	0
10YG-412	0.315964751996699	0.194076213492087	0.0366390616250626	0.0300904777342253	0.208505496448675	0.0201585570717043	0.0837700038313047	0.00342459697621644	0.0029412631516902	0.0143998113819221	0.0797323981020306	0.00544634699832012	0.00485102119006219	0	0
10YG-420	0.297183001047501	0.17700172274982	0.0362599880532927	0.0243002952048687	0.245569762710691	0.0190541324353103	0.0763507137724758	0.00386969432011981	0.0106438236388978	0.0101936578566915	0.0773982149195329	0.00540631790361258	0.0167686753871859	0	0
10YG-436	0.387675747047338	0.187247184410614	0.0220379663975562	0.0131142404762304	0.248902018048865	0.00656830986309494	0.0759943380497603	0	0	0	0.0584601957065409	0	0	0	0
10YG-440	0.400280190107481	0.143974029691113	0.02304036394586	0.0249195959839418	0.258705099911876	0.00777301588497142	0.0626661745765137	0	0	0.00650764120602258	0.0641537430234923	0	0.00798014566872792	0	0
10YG-456	0.360435353195735	0.156467934187265	0.0142352035227384	0.0154137879921765	0.284669725201824	0.00418469792446214	0.0728047056611823	0.00334956598446148	0.00684012827048152	0.00577542542922528	0.0637032136310886	0.00135211837904867	0.0107681406203114	0	0
10YG-472	0.319141640226999	0.18224951916303	0.0258472152197421	0.0203878270582623	0.24030814307807	0.0235130551693582	0.0828465548646442	0.0106760236777196	0.00369900709075384	0.00699059715453158	0.0691912941771619	0.00344097630700231	0.0117081468127257	0	0
10YG-488	0.319954280169943	0.193916947209032	0.034836562633227	0.0185378474927598	0.242949994854682	0.0190918880378695	0.0788768137247696	0.0117340825897123	0.00447918351145936	0.00581880393396351	0.0602296282139864	0.00205445217058936	0.00751951545800685	0	0
10YG-504	0.349214410288618	0.177806648696984	0.0256964752121873	0.0157587219711195	0.262990788662514	0.014946807724178	0.0698368393071922	0.00616103415889734	0.0038995026302036	0.00434242338724452	0.0609070682824382	0.00202175004483849	0.00641752963358432	0	0
10YG-520	0.356097826301017	0.200587242893676	0.0236997802762536	0.0135829225040067	0.250937084735717	0.0136260607555383	0.0740364930852196	0.00589587363868338	0.00346231357945269	0.00319223061334154	0.0458840950204391	0.00186526048470515	0.00713281611194939	0	0
10YG-536	0.381517776468546	0.16778870272583	0.0228266560227023	0.01767326401087	0.263898780272761	0.0165140925450785	0.0635439207061104	0.00491827704471422	0.00320139100575895	0.00456150375158737	0.0460333234457465	0.0018617824721792	0.00566052952811606	0	0
10YG-552	0.332343494369419	0.175832555813353	0.0253143205615601	0.026599440185614	0.246866820558611	0.0194849849194544	0.0740474249835748	0.0104095279323316	0.0080805066402762	0.00819374343138145	0.0625249917136619	0.00217155137942464	0.00813063751133842	0	0
10YG-568	0.35522631649872	0.153592765059068	0.024712893227724	0.0351827451450132	0.261446838456586	0.0206851632802791	0.0540636650845224	0.0189071226436282	0	0.011222243849851	0.0649602467546079	0	0	0	0
10YG-600	0.435854148940206	0.118719413387384	0.0129324127316182	0.0202000357690619	0.299751513410688	0.00888265037909786	0.039436745665711	0	0	0	0.0642230797162321	0	0	0	0
10YG-616	0.411665654818497	0.151181571381115	0.0304399248559548	0.015610144446099	0.261792804041283	0.00750581335410486	0.0430760948006277	0	0.0235397885428241	0	0.0551882037594932	0	0	0	0
10YG-632	0.408845096408427	0.128788511616589	0.017108001409172	0.0435517670943818	0.265134979062174	0.014714588198548	0.0560164015994828	0.00362643868104409	0.00540969495785196	0.00725287736208819	0.0495516436102405	0	0	0	0
10YG-648	0.305330156159377	0.226237310454763	0.0405276625702644	0.0509200490255086	0.178586996567485	0.0517398766337277	0.0773989304851847	0.0096190674210175	0.00395322878935446	0.013373494854875	0.036625957985431	0.00183344094140649	0.00385382811160599	0	0
10YG-664	0.337377270355921	0.212023984668266	0.0390621249042773	0.0585548311993809	0.172020658679824	0.0395886503326659	0.0718566391691466	0.0093843836795893	0.00512470444971655	0.0103733287913921	0.0355459650261586	0.00332867069093387	0.00575878805272765	0	0
10YG-680	0.307466457903599	0.220260716219671	0.0372030187660605	0.0445373473062743	0.167691394439711	0.0485406698088476	0.0724075424644017	0.0147328853756514	0.00631644575450064	0.0113664180820563	0.0592163170988929	0.00285607850253629	0.00740470827779697	0	0
10YG-696	0.367659570953006	0.234085858961333	0.0359081109211211	0.0411402704466417	0.152085346814363	0.0317514600318853	0.0671532062878431	0.00995630229887906	0.00769376915388364	0.00931611858680478	0.0327369299267299	0.00328930521481261	0.0072237504026962	0	0
10YG-712	0.307466457903599	0.220260716219671	0.0372030187660605	0.0445373473062743	0.167691394439711	0.0485406698088476	0.0724075424644017	0.0147328853756514	0.00631644575450064	0.0113664180820563	0.0592163170988929	0.00285607850253629	0.00740470827779697	0	0
10YG-728	0.458530313784837	0.117228885298633	0.023128741512542	0.0500913729562834	0.17300352221136	0.0129285732548131	0.0625621683088637	0.00576361858821782	0.016309555261463	0.0111425089394528	0.0538509957278121	0	0.0154597441557224	0	0
10YG-760	0.338966106511244	0.143817885689696	0.0267216451250017	0.0340265240433787	0.256752072955842	0.0315627105283417	0.056808196108913	0.00966652133300648	0.00593975949348677	0.0086072056878084	0.0774346965252247	0.00242230650549649	0.00727436949256085	0	0
10YG-776	0.203309661938546	0.183709432317578	0.0324117249009434	0.0567844922372923	0.205978766218349	0.0624595033043935	0.117361733077256	0.010243654120759	0.00578927418289898	0.0373418020319677	0.0626165295623312	0.0111490353661449	0.0108443907415402	0	0
10YG-784	0.251708916593923	0.19244341815725	0.0481183093275536	0.0693918921586929	0.189336099025731	0.0581326429450539	0.0941970702886453	0.0091758571610832	0.00383904574353377	0.0244564710489384	0.0484361079714765	0.00389786708636784	0.00686630249175105	0	0
10YG-792	0.309287878966975	0.223119406364254	0.125993476989886	0.0562466414317525	0.134683246665982	0.0465039520857902	0.0618631222614314	0	0	0.0129319084669108	0.0293703667670183	0	0	0	0
10YG-808	0.374578534432362	0.233360873757715	0.0829664272878866	0.040223401019499	0.118338255375236	0.0399925791859108	0.0523059532618145	0.0172900653851381	0.00527007233136524	0.00929111810527633	0.0263827198577965	0	0	0	0
10YG-820	0.367574925864359	0.213000701643288	0.0555342854788917	0.040772852274202	0.148436595516914	0.0322906687904434	0.0630105828054854	0.0125164977714883	0.0089598178635258	0.0104804937242504	0.0356594181476294	0.00397669661170371	0.00778646350781797	0	0
10YG-828	0.390078106665189	0.232144141764246	0.0616527290159834	0.0384506977473722	0.12810412964079	0.0186793216053438	0.0628733299290165	0.014769860709977	0.0057020342169226	0.00782010111528723	0.0267801019644009	0.00588247087363184	0.00706297475184063	0	0
10YG-832	0.398763014243425	0.230062241111002	0.0712804715983708	0.0373257284809081	0.124546219787984	0.0197230724422273	0.0571552462184166	0.0125958089287359	0.00625219176087293	0.00855023466942859	0.022672194856276	0.0042689134678114	0.00680466243454104	0	0
10YG-836	0.39818411860561	0.243417479086962	0.0658458486136492	0.0311603779580802	0.119773869890008	0.019891220094863	0.056273714930078	0.0121713981317009	0.00582688649791214	0.0092156930836764	0.0232767505721723	0.00578691797476217	0.00917572456052643	0	0
10YG-840	0.360214345324373	0.255233451926033	0.0775464488074845	0.043018403830105	0.122607282470242	0.0271138050687398	0.0685290112882681	0	0	0.0122326173848113	0.0335046338999429	0	0	0	0
10YG-844	0.362730824693547	0.225654670505161	0.0565070044449676	0.0268631154243204	0.159093833653304	0.0220211417271264	0.0687178262071322	0.0132027598846143	0.00827538371963524	0.00691875397799502	0.0328886057527795	0.00525455994358821	0.0118715200658291	0	0
10YG-848	0.374372316313747	0.222818256321799	0.0487202099329858	0.0243986805613745	0.165223615825906	0.023327760735256	0.0679671325712908	0.0127652008281235	0.0090312876175917	0.00500920704926844	0.0358226769316921	0.00311823649751992	0.00742541881344536	0	0
10YG-852	0.402130697437161	0.204393013309832	0.0247131801147032	0.0176618381771177	0.180038642246707	0.0126459521957212	0.0792860526622557	0.00711169461215966	0.00669914687774119	0.00843035921415857	0.0370672899251544	0.00675701930541512	0.0130651139218739	0	0
10YG-860	0.337683173857768	0.248165219930289	0.0231769296746212	0.0173000066912825	0.180147573193506	0.0103737689560991	0.0872254293066007	0	0.00943622903651615	0.0112565620190641	0.0484418436308115	0.00891461315262815	0.0178786505508142	0	0
10YG-864	0.35388776644382	0.257568291200578	0.0242256497861879	0.0314257242508364	0.175241051922666	0.019755033207948	0.0761674797549237	0	0.00978717346430351	0.00993227002195612	0.0420095599467797	0	0	0	0
10YG-868	0.350772524694217	0.245577058863724	0.0871271192231477	0.0165696107386627	0.173160935684947	0.00480597672176204	0.0675357411302017	0	0.00645959714830196	0.00927029633060261	0.0387211394644335	0	0	0	0
10YG-872	0.33987866080022	0.222480979879921	0.0210653558824877	0.0263904166093772	0.217657202438242	0.0198135799074201	0.105530157202438	0	0	0	0.0471836472798937	0	0	0	0
10YG-876	0.341204202312491	0.208651266993152	0.0201504744874113	0.0249588506634695	0.225593617280689	0.0168534473999715	0.0948327101664262	0	0	0.00798220926215683	0.0474360407226027	0	0.0123371807116295	0	0
10YG-880	0.367474027850985	0.189613690850662	0.0208946151361094	0.0222484824783636	0.19481024603404	0.0165970958801625	0.101508169962423	0.0147692686990971	0.0252112628160441	0	0.0468731402921123	0	0	0	0
10YG-884	0.35728509914491	0.196779521917929	0.0195593923659984	0.0333710162930394	0.203379252924153	0.0125634689770938	0.0914534153719666	0	0.010844649392083	0.00823812055866105	0.053064458713328	0	0.0134616043408386	0	0
10NJ-48	0.359327187434679	0.148076103754587	0.0160207609690127	0.0322414102290263	0.232746499384915	0.0260677175841158	0.063981386402342	0.00589384903750932	0.00767456815562503	0.0130475654177265	0.0814539074734234	0.00902238634637328	0.00444665781066353	0	0
10NJ-52	0.424868010742339	0.218407871697282	0.0456814920328536	0.045409349233553	0.10531727204058	0.010899650993454	0.0116497030988436	0.010899650993454	0.0116497030988436	0.0172299580103574	0.0893736865791119	0	0.00861365147932843	0	0
10NJ-60	0.295779251885626	0.193837163479801	0.186373226023938	0.0286321127239239	0.156749618857663	0.0263483693400341	0.0490688430959156	0.00745416115712983	0.00326741678725583	0.00732920228424109	0.0385680317519963	0.00209728270442996	0.00449531990804591	0	0
10NJ-68	0.401169174931225	0.213592597729847	0.14488406500682	0.0312651709549899	0.117077871789537	0.0216988001941882	0.0341649906373535	0.00467120928404651	0.00386209168458284	0.00534451071502878	0.0222695170723814	0	0	0	0
10NJ-76	0.413492124460662	0.225526009255538	0.098941106180529	0.0310133000492951	0.110671273323972	0.0243183631419894	0.0475330646946051	0.0173785159496318	0.00570734882569492	0.00380393595150536	0.0177154181018321	0.0010593513706427	0.0028401886941032	0	0
10NJ-84	0.357909721430301	0.275679062490791	0.0996616059176041	0.0244871234709162	0.102366452218012	0.0148542317198645	0.0519071664973201	0.00194759184112776	0.0534818970057057	0	0.0177051474083575	0	0	0	0
10NJ-92	0.311929333541905	0.239277213364957	0.0696701038773258	0.0404488808278618	0.132047233108837	0.0399739566818445	0.0624940986799364	0	0.0353078621789858	0.0174439497905119	0.0514073679478344	0	0	0	0
10NJ-96	0.356291444484683	0.213038700251008	0.0455998601346204	0.0420938596600772	0.160426839167301	0	0.0924891042371717	0	0.0183729410442449	0.0134838967493787	0.0582033542715137	0	0	0	0
10NJ-100	0.2904324759604	0.175195869451945	0.0413357965041921	0.0268845625503292	0.21540239685472	0.0321974326180664	0.0687527829093837	0.0188375728293307	0.0120638529676472	0.00831604376865142	0.110581213585335	0	0	0	0
10NJ-104	0.388545112402737	0.204036272187497	0.026800652537627	0.0482063911121314	0.174244242468512	0.0228562086729068	0.070412149165371	0	0	0.0125707408528208	0.0523282306003972	0	0	0	0
10NJ-108	0.39961653571381	0.198001902527284	0.0315692299498626	0.0920388257589767	0.137060373433855	0.0314863827275377	0.0527781188650522	0.00267921999340181	0.00367190724661695	0.0148592410898552	0.0362382626937478	0	0	0	0
10NJ-112	0.370519407850874	0.230414252654116	0.0235060123399711	0.0554526047657561	0.163204903088482	0.0208503389067997	0.0725518516810749	0.00535870284497273	0.00681427608286299	0.0119100286254429	0.0394176211596482	0	0	0	0
10NJ-116	0.340032049015049	0.195481599064966	0.0228581135374622	0.0336097232351881	0.202197514230157	0.025207872184261	0.0883104580203124	0.00547175477633521	0.00702028804690009	0.0122659372539653	0.0503745815597574	0.00510940610763321	0.0120607029680124	0	0
10NJ-120	0.351211093295867	0.197468428532866	0.0153030416367186	0.0525621970640622	0.197098753185875	0.0283696016287397	0.0702404841120908	0.003163380241991	0.00629315363425557	0.0179178713638202	0.0464349094945855	0.00539986188668854	0.00853722392243973	0	0
10NJ-124	0.38640223413871	0.211039368993624	0.0250124636729532	0.0380780408322086	0.185384468844871	0.0183367988423984	0.0729580855798344	0	0.00887048723841487	0.0111990661365046	0.0427189857204814	0	0	0	0
10NJ-128	0.416087901896585	0.177563495684716	0.0196034427152923	0.0249524033166825	0.210167037977769	0.0178883272571083	0.066934089926149	0.00699868170934887	0.00782800096902537	0.00838533918117356	0.0435912793661504	0	0	0	0
10NJ-132	0.389334336202354	0.1543163125404	0.0168949600615	0.040101165835237	0.226961558215646	0.0200306646489144	0.0713069277161286	0.00504975536097831	0.00815178858939295	0.00810009593966093	0.0476691594538031	0.00184955352252211	0.0102337219134627	0	0
10NJ-143	0.325650680064623	0.127139326671636	0.017289561158103	0.0433819202494622	0.274317613855865	0.0201918474332184	0.0756903126640135	0.00587178123010354	0.0111515104252976	0.0185393347777214	0.0680480188061173	0.00185875608533553	0.0108693365785036	0	0
10NJ-151	0.357053449318983	0.166437711944115	0.0240641412164258	0.0310944578043734	0.224503408900255	0.0260530476737624	0.0911205901642678	0	0.0152726865997936	0.00682390144948168	0.0575766049285427	0	0	0	0
10NJ-159	0.333433550484184	0.167836209031619	0.0268577857020519	0.0500479933363809	0.197939551807544	0.0395473717025374	0.0783714548696294	0.0112892156077534	0.0112922960529639	0.0153356884363783	0.0506911902963511	0.00563536646824492	0.0117223262043617	0	0
10NJ-167	0.242654849670386	0.167985461528675	0.0403290285615587	0.0385887950879728	0.203638889482174	0.0397077819266446	0.12725991231972	0.0100810963656608	0.0338695493501054	0.00737138383848702	0.0699603572214582	0.00173559037467022	0.0168173042724868	0	0
10NJ-183	0.237492194292646	0.198947686074618	0.0456854232710171	0.0484506604599466	0.180718931790816	0.0529294184785369	0.094914413593434	0.0236113310486389	0.016851364392828	0.0159565091382798	0.0612221422147593	0.00502553101218736	0.0181943942322919	0	0
10NJ-191	0.260011436581373	0.192985985127384	0.0459607613929351	0.0489274409637091	0.183588758751388	0.0409844568762446	0.0970116870728677	0.0165166247915734	0.0187349926497193	0.0169872451755085	0.0640233488435643	0	0.0142672617737328	0	0
10NJ-199	0.270913338347166	0.203667529667024	0.0435575303991321	0.0391761119726325	0.18836813066136	0.0360442692561114	0.0911553833252358	0.0197124311984612	0.0149687023713652	0.0181225915301728	0.0603282174494679	0	0.0139857638218714	0	0
10NJ-207	0.269695845347649	0.202780205705728	0.0494665442003348	0.0442414113077546	0.17183377619637	0.0518705295636329	0.0867946457791539	0.025206493588699	0.0116663995571819	0.0157400436623	0.0519708639667509	0.00589750807052229	0.0128357330539233	0	0
10NJ-211	0.255815425626406	0.174817833179768	0.0463481171906588	0.0276412455334287	0.201477845151614	0.0399442846219787	0.117009912417986	0.0176410259840421	0.0141005588458607	0.0148484025230028	0.0666412932963853	0.00802281306973624	0.0156912425591331	0	0
10NJ-215	0.272709721326471	0.224485430477127	0.125259094157564	0.0448250891814406	0.134927142912359	0.0495257298024026	0.0678569019652126	0.0180210170359856	0.00589635778980084	0.011812419998166	0.0296246459835953	0.00516805216517456	0.00988839720470087	0	0
10NJ-219	0.353975283924364	0.250249531180133	0.127613037134843	0.0251706925506494	0.111380531866283	0.0317578014613369	0.050676991070261	0.015222136623586	0.00379108632505465	0.00486536825561788	0.0181764731522571	0.00271178438547009	0.00440928207014398	0	0
10NJ-227	0.319947983628167	0.191991675753088	0.0566829951014696	0.0283491260761306	0.190332217195307	0.0257388989698439	0.0901801043989129	0.00874508722964506	0.00718937661724738	0.0121138440444611	0.0461940269663287	0.0123332912916823	0.0102013727277166	0	0
10NJ-231	0.335095069842464	0.201217848001357	0.0512723106163988	0.0244344125045181	0.17376770649691	0.0306822456792582	0.0838293980098401	0.00891564072869258	0.0096987713332399	0.0112011035133919	0.0462194585211248	0.0131411036609204	0.0105249310918832	0	0
10NJ-235	0.362401552886733	0.21207396058727	0.0631138573841991	0.0326067488612325	0.148733801910128	0.0272856430587222	0.0730559871819075	0.00882877584312359	0.0123497577244981	0.0110948141909063	0.0328040061379688	0.00544696320607214	0.0102041310272384	0	0
10NJ-239	0.381105079464497	0.201673818282374	0.0505992440426707	0.0623660435063649	0.123405279837678	0.0296695369085306	0.0703705028346219	0.00953539068408643	0.0131616480323389	0.0128362705988777	0.0273884055720667	0.00626678681497364	0.0116219934209206	0	0
10NJ-243	0.356456837017524	0.189635738110287	0.0406012552495147	0.0298187884542098	0.181399869189297	0.0367184076389049	0.0802141300527538	0.00842588511468578	0.00450748881750468	0.00983069303222467	0.042817969776422	0.010232096951425	0.00934084059524583	0	0
10NJ-251	0.39072655134772	0.192370266185238	0.103165673020405	0.0307645478209757	0.14962528339911	0.0287597615248971	0.0476855739356789	0.00754576370811991	0.00583067427995634	0.00681312452766815	0.0251910319926106	0.00482828113191704	0.00669346712570325	0	0
10NJ-255	0.425794752169733	0.191928898954009	0.0603453594200742	0.0279704255634926	0.138735665694507	0.0386601890476723	0.0534244928593311	0.0107701402963155	0.00397653702145391	0.00836236123102023	0.0254241022562265	0.00703825901004675	0.00756881647611839	0	0
10NJ-259	0.41288616652384	0.191758738820266	0.0412793140063994	0.0291337676334451	0.138773693412461	0.0191060451596361	0.0967330932504887	0.0145757154426573	0.00476289586659299	0.0077824287736728	0.0284254712334808	0.00613062033634953	0.00865204954071129	0	0
10NJ-263	0.465316217784626	0.160384818545803	0.0430524603861729	0.0530136097158973	0.137211940876969	0.0312743207383815	0.0468250073711046	0.0112040790599159	0.00527281422003294	0.0123105261458031	0.0221185231952775	0.00390173666350985	0.00811394529650594	0	0
10NJ-267	0.326684984645224	0.179460158396638	0.0421179893324713	0.0245042831743979	0.192284467431712	0.0268213997090674	0.0957814772910942	0.00895684499757556	0.00789138516243737	0.0122941651850655	0.0547910134152255	0.0152086633263294	0.0132031679327622	0	0
10NJ-271	0.310086659506542	0.188421261924256	0.0409030092494111	0.0355962974571717	0.18485538081648	0.0426125831235799	0.0877838834676653	0.012931637014662	0.00636597036333437	0.012310842032422	0.0565496475360517	0.0105595924111938	0.0110232350972304	0	0
10NJ-275	0.235767364391986	0.209351227558816	0.028852570159564	0.0234090314590307	0.194282602777021	0.0330536026008552	0.138484863044047	0.012500867485573	0.00941769029964286	0.0149994928545881	0.060167197834756	0.018426461246083	0.0212870282880372	0	0
10NJ-283	0.402829147382893	0.15590083460816	0.0307652833988498	0.04099213802986	0.200751340988749	0.032203094440464	0.058211982726903	0.0113984043686218	0.0105899382273775	0.0122673844425941	0.044090451385527	0	0	0	0
10NJ-285	0.238196039415332	0.135167010147165	0.0394213802623959	0.0228239389023039	0.252933696419688	0.046803060932886	0.0973438348148607	0.0132891420346041	0.016615585597709	0.0113386364907835	0.0965122239240845	0.0126283893813873	0.0169270616767997	0	0
10NJ-287	0.204303938103955	0.150114791754357	0.0329333381347712	0.0150885186403036	0.260966021758778	0.0413787525746235	0.116539162908656	0.0134969600404265	0.0163258728040063	0.0112093897234667	0.103345047661159	0.0134597685746282	0.0208384373208685	0	0
10NJ-289	0.243480874914287	0.143577270513878	0.0348042771820684	0.0307024953541296	0.171728263786061	0.0433805042384251	0.128553966629235	0.0153214346050265	0.022409492482137	0.0117836167231459	0.114998956542479	0.0161164498593817	0.0231423971697457	0	0
10NJ-291	0.197707463660715	0.132045198047401	0.0600691658848111	0.0326294367467559	0.218815296266583	0.0718672522651147	0.0964197816243558	0.0256086008638937	0.0386032661164217	0.0219146168454736	0.104319921678474	0	0	0	0
10NJ-293	0.304348467229553	0.130536174730775	0.0340554797175455	0.0359914555842055	0.200104909247181	0.0530444747796484	0.0756905472133745	0.013878355831943	0.0206679643392824	0.0168297183881895	0.0681488784400964	0.0168844902843083	0.0298190842138969	0	0
10NJ-295	0.314846563988691	0.128041931860726	0.023476936185595	0.0357531080958959	0.241947352793091	0.0380084948166127	0.0791128209762584	0.00980647826592133	0.0102634942356602	0.016944448030571	0.0735795711279516	0.0111271769581327	0.0170916226648937	0	0
10NJ-297	0.322956674945687	0.20821015219281	0.104047165849099	0.0329123238855787	0.149580998887421	0.0320319711361289	0.059517110430747	0.0233506986081652	0.0124325696590081	0.00888366591753815	0.0326970615521584	0.00439766908329833	0.00898193785236046	0	0
10NJ-299	0.358699376287122	0.14653752776867	0.0348512925556018	0.0333076676527691	0.235857780201076	0.0401563518875327	0.0683615840022989	0	0	0.0158488647541437	0.0663795548907858	0	0	0	0
10NJ-307	0.230221267564071	0.146299627721154	0.0425467618550383	0.0332185095226205	0.234511554264182	0.0379145574648719	0.11592570313032	0.0118323383197512	0.0238718134973782	0.0181145438449141	0.0792752479967312	0.00771230109186661	0.0185557737271014	0	0
