Sample	Ia	Ib	Ic	IIa	IIa'	IIb	IIb'	IIc	IIc'	IIIa	IIIa'	IIIb	IIIb'	IIIc	IIIc'
AMZ_001	0.881250316161932	0.00762737131074311	0.00247562930927928	0.0563211302697821	0.0428446512876822	0.00244077335536992	0.000462056616270258	0	0	0.00388449857352539	0.00269357311541629	0	0	0	0
AMZ_002	0.465811000752212	0.0536161138360918	0.0164081660716477	0.254505516193404	0.0843440283557118	0.0216745779872026	0.0132116113925153	0.00663549875340816	0.000711244014408703	0.0556457509627088	0.0222398682461877	0.00195457621310032	0.00147129365364786	0.0016375890235081	0.000133164544245416
AMZ_003	0.216447949043617	0.0661904583226892	0.0209683131440802	0.175894509760181	0.138087398297719	0.101694828134774	0.0316303153882253	0	0	0.133767701683931	0.0929156255927118	0.0202368842671859	0.00216601636488586	0	0
AMZ_004	0.181395287574397	0.0425091480111396	0.0134040897945377	0.222371749382416	0.150541561680006	0.0443170763164334	0.0446886197241521	0.00582011125620072	0.00134523184511452	0.140937684987487	0.138931359500529	0.00426426905760158	0.00770918583631332	0.00152352632425494	0.000241098709417641
AMZ_005	0.159959948294659	0.0271039028945484	0.00724742406097509	0.137526380406354	0.181119155356762	0.0522604219536093	0.0178222677463658	0.00488660450372124	0.000693020750115898	0.120081769676116	0.276762407927334	0.00948640434741941	0.00505029208201911	0	0
AMZ_006	0.770558608548632	0.0352781665236772	0.00742301766173437	0.105673171032945	0.0547019770434824	0.00426530072862105	0.00512365305996562	0.00125530088759443	0.000192222710687261	0.00772350851541413	0.0078050732872463	0	0	0	0
AMZ_007	0.523498706665249	0.125362811909677	0.0261010264619702	0.106200928922563	0.110117732517563	0.0323171544999956	0.0303748259785876	0.00439308014445645	0.00186083419174967	0.0158705272231949	0.0196855334029466	0.00201620919397032	0.00220062888807614	0	0
AMZ_008	0.256596456911391	0.041500825697709	0.00606502341525258	0.169681214390157	0.191756058282266	0.0569040916915518	0.0230576364561367	0.00433124444600041	0.00198308977051041	0.100199031509101	0.134593270321586	0.00749265736114908	0.0048030504260332	0.00103634932115507	0
AMZ_009	0.148024933733125	0.0358999658303528	0.0079779049760307	0.136933344925403	0.130154006037312	0.0560188115028377	0.0263433827142022	0.0103507746804936	0.002446870242281	0.225719837198817	0.16837427288406	0.0292132287081649	0.0109128552682924	0.0116298112986286	0
AMZ_010	0.231645445276469	0.0131718932901327	0.00469946302230424	0.367901460779931	0.0469348820255153	0.0188809029698133	0.00567569481719385	0.00452210863468664	0.000212825265141118	0.268584450902251	0.0328259196245864	0.00196262344145955	0.00215861406864197	0.00082371588187424	0
AMZ_011	0.689332352608122	0.0131076976194746	0.00611082804634697	0.00134989419884828	0.201796272337812	0.045835345267987	0.00474839425198425	0.00157702267889222	0	0.0287046847277143	0.00743750826281815	0	0	0	0
AMZ_012	0.705716276901701	0.0634183318228738	0.0148560709066812	0.112768129469656	0.0643264105468406	0.00878357481404691	0.0104526392632961	0.0017056606206715	0.00066708059333362	0.00944842314824392	0.00785740191265544	0	0	0	0
AMZ_013	0.793959476070501	0.0855028758742019	0.00842267440312961	0.0632589216183289	0.0324151642146306	0.00626509893251464	0.00315983361779054	0	0	0.00361898918529694	0.00339696608360626	0	0	0	0
AMZ_014	0.889256828292934	0.0349147999410291	0.0140465410619356	0.0426744661712683	0.0115715702614233	0.0018259790767619	0.000786757742776521	0	0	0.00148219126793253	0.00344086618393851	0	0	0	0
AMZ_015	0.722084808657135	0.0868123977926576	0.0160569191607908	0.0953083065576917	0.046803724527205	0.0100231635709615	0.00726729936172781	0.00169223687109404	0.000397797185627725	0.00776920204941937	0.00578414426568947	0	0	0	0
AMZ_016	0.613071808074681	0.141251486349122	0.0261568797036351	0.0985502759973122	0.0684286621635403	0.01927614061792	0.0139396672279514	0.00274316677957445	0.000677079743225292	0.00806453458648956	0.0078402987565485	0	0	0	0
AMZ_017	0.860561365896569	0.0416061853847005	0.0179684865939685	0.0508152251296449	0.0197448362779019	0.00260873699878116	0.000909970159120615	0.000810326847850111	0	0.00323474131708865	0.00174012539437484	0	0	0	0
AMZ_018	0.900803810530528	0.0252512108512817	0.00980944672628823	0.0395217097316388	0.01669848706446	0.00185706658906377	0.000840400867469158	0	0	0.00376990134517633	0.0014479662940943	0	0	0	0
AMZ_019	0.881696688796289	0.0528641065910478	0.00778745011849035	0.0381907998466324	0.0117851822548215	0.00224142200036167	0.000615387632622668	0.00028243614768022	0	0.00166302765168047	0.0028734989603736	0	0	0	0
AMZ_020	0.901992948968377	0.0155244354549075	0.00537945848103045	0.0507648908756835	0.0192419822555119	0.00112545769148935	0.00122358899215198	0.000271940449990927	8.81999661255133e-05	0.00225368967969179	0.00213340718503987	0	0	0	0
AMZ_021	0.810435052102745	0.0383372414039098	0.00717556828512173	0.0941040970792309	0.0318364221664101	0.00517943547088652	0.00227117640589395	0.00112074406449138	0	0.00613148324262162	0.00340877977868863	0	0	0	0
AMZ_022	0.917555410024276	0.0160958242067612	0.00633214447177452	0.0419332205375873	0.0119027198638649	0.00152816542597115	0.000632391678681513	0	0	0.00182954731167468	0.00219057647940849	0	0	0	0
AMZ_023	0.749460185716707	0.0719617992711739	0.0155502331453949	0.0932807750329733	0.0444206141705485	0.00649458062333284	0.00659293155084309	0.0011484656243662	0.000417983924376586	0.00588047476860114	0.00479195617168222	0	0	0	0
AMZ_024	0.868208039311661	0.0173306596497346	0.00924118781666183	0.079477327350726	0.0160544585687738	0	0	0.00226155554655479	0	0.00501235583241285	0.00241441592347462	0	0	0	0
AMZ_025	0.79993381476243	0.0387125452896415	0.0117627043966819	0.0970272274149919	0.0320163398660732	0.00418147712258787	0.00338717006894405	0.000958573460921913	0.000165078689800738	0.0085253306655138	0.00332973826241287	0	0	0	0
AMZ_026	0.658659517001948	0.119701987627063	0.0201800607295611	0.0782016110286916	0.0802229673055795	0.0145266914516851	0.0133434104072462	0.00200300754447452	0	0.00508267377129586	0.00807807313245541	0	0	0	0
AMZ_027	0.820155347217866	0.0478632326724362	0.0108150224474212	0.057156204427587	0.0451551395413068	0.00296501410310124	0.00724821089289173	0.000634326546132204	0.000524117678894175	0.00404679049010076	0.00343659398226283	0	0	0	0
AMZ_028	0.928277175443156	0.0156669893915109	0.00465442299876996	0.0366286855024188	0.00931579714141689	0.00126686943652101	0.000547003676304852	0	0	0.0015465273711173	0.00209652903878451	0	0	0	0
AMZ_029	0.901804850790273	0.014028882553341	0.00187699706548478	0.0563891391713643	0.0186195627543988	0.00218922928681016	0.00106626615846448	0	0	0.0026184041665368	0.00140666805332618	0	0	0	0
AMZ_030	0.971215488289773	0.00443762322070054	0.00135960480150658	0.0152124220798498	0.0066309005577006	0	0	0	0	0.000567283340654256	0.000576677709815691	0	0	0	0
AMZ_031	0.937007234501777	0.0143554528322824	0.0118432454844255	0.0257808185566131	0.00737485557176595	0.000993163047355912	0.000610985973023789	0.000348559072014481	0	0.000895540299742834	0.000790144660998879	0	0	0	0
AMZ_032	0.836098582899089	0.0172906254941434	0.00265242924053154	0.108565112599039	0.0195513292156226	0.00389811560559456	0.00139121972039867	0.000317124945875157	0	0.00767749025351004	0.00255797002619546	0	0	0	0
AMZ_033	0.772951144746401	0.0547644171039399	0.0122544374218589	0.111503234828426	0.0283952279039994	0.00534954931389149	0.00166747684958233	0.00111621815336193	0	0.00876568775808316	0.00323260592045608	0	0	0	0
AMZ_034	0.80290763104329	0.0865373779554272	0.0165420239243834	0.0568780039176501	0.022096825206102	0.00680730392041143	0.00142496872082153	0.00176372419740277	0	0.00324091489765611	0.00180122621685559	0	0	0	0
AMZ_035	0.786483180277818	0.0750106316508269	0.0116718996225935	0.0668468927148943	0.0403980797323117	0.0055597035077317	0.00582548486841933	0.00109677534324858	0.000259139469332789	0.00370388506864152	0.00314432774418176	0	0	0	0
AMZ_036	0.836381002248831	0.0490719798382055	0.0119990029803637	0.0590454235248462	0.0311633354771904	0.00330403342660161	0.00211006268716951	0.000619910472649946	0	0.00311581178669733	0.00318943755744474	0	0	0	0
AMZ_037	0.826601979317702	0.0438496757317082	0.012367660582434	0.0672175806031624	0.0366383247480881	0.00302312642565097	0.00204674199130229	0.000821132515443131	9.31679262670306e-05	0.00378363017308714	0.00355697998515495	0	0	0	0
AMZ_038	0.878310621386786	0.0326340823346432	0.00535272602154821	0.0585982430610462	0.0170560712905905	0.00254411956696311	0.000674441094004931	0.000239907473621972	0	0.00244781577051348	0.00214197200028262	0	0	0	0
AMZ_039	0.87391506692576	0.0420770844233117	0.00721651580230922	0.049470131486394	0.0184538224432883	0.00323447801514915	0.00127549391481451	0.00046930292308651	0	0.00249749492886363	0.00139060913702252	0	0	0	0
AMZ_040	0.946267362737425	0.0104809701040033	0.0013857490533643	0.0270391529426974	0.0122793768841064	0	0	0	0	0.00154642899988751	0.00100095927851569	0	0	0	0
AMZ_041	0.900111533605333	0.0233097619650009	0.016336284063142	0.0351373833131315	0.0127595174875599	0.00430302207349096	0.000697463581342998	0.00429113121235702	0	0.00191603190473915	0.00113787079390292	0	0	0	0
AMZ_042	0.87842283489451	0.067280697696404	0.00717600670157198	0.0296076428222717	0.010964584133592	0.00172108695907622	0.000590292210106498	0	0	0.000929747415056793	0.00330710716741051	0	0	0	0
AMZ_043	0.740286340996495	0.0574243451776629	0.00935008016328045	0.10949296235058	0.043949038420539	0.00792133461809225	0.00789429375735327	0.00113284344989619	0.000444769076635097	0.0148726052453788	0.00723138674408712	0	0	0	0
AMZ_044	0.768628698843089	0.0644235096601162	0.0193969744184106	0.0811802228248805	0.0404597598243711	0.00733717165912002	0.00508483431615005	0.00166917594403548	0.000467641436362963	0.00631713038961339	0.00503488068385017	0	0	0	0
AMZ_045	0.908372889000881	0.0219695327397522	0.00879068946148744	0.0427177640766616	0.0128113951182098	0.00144994270022045	0.000793398187235627	0.000246301545967804	0	0.00157579083049882	0.00127229633908552	0	0	0	0
AMZ_046	0.793459253719944	0.0705079224480487	0.0130337724676133	0.0633966620238378	0.0403333524126443	0.00490644145014037	0.00493996437734627	0.00078935637642424	0.000286813162050175	0.00410859932021288	0.00423786224173815	0	0	0	0
BZ301	0.752163801941191	0.0551750026260846	0.0111224488481472	0.108534523028683	0.0458844063352831	0.00699686610817626	0.00470711262364213	0.00100752451783194	0.000229877546584749	0.00875486430686377	0.00542357211751259	0	0	0	0
BZ302	0.790793207437267	0.0501818686070678	0.00935031971962329	0.0877136107187008	0.0420194903270093	0.00420741726821474	0.00680481263686677	0	0	0.00502207545707398	0.00390719782817658	0	0	0	0
BZ303	0.875342759844141	0.0200302873321888	0.014094153865584	0.0593963602984121	0.0230147822087061	0.00203582791818108	0.000556767350098668	0.000677384003734558	3.98614129027057e-05	0.00297287319835502	0.00183894256769566	0	0	0	0
BZ304	0.780877915327262	0.0423340713114654	0.0156048490961082	0.0853058602635706	0.0529261451152251	0.00544801849988948	0.00457334417765602	0.00237500565639407	0.000504166913227434	0.00526709547210005	0.00478352816710206	0	0	0	0
BZ305	0.83338651682326	0.028882456863271	0.0118666667158537	0.0722199501907412	0.0391002460212908	0.00318219999623719	0.00198528741772084	0.000770143661825309	0.000127511259836333	0.00427096871298291	0.00420805233698092	0	0	0	0
BZ306	0.739254329878847	0.071396930078536	0.00913032795682887	0.103170818659372	0.0483661764671476	0.00752126444950198	0.00637815588879901	0.00107430837165964	0.000206948921452849	0.00760720071113513	0.00589353861671992	0	0	0	0
BZ307	0.770957699693114	0.0465621064679643	0.0120136311606657	0.083809028876412	0.0574750318672518	0.00494989732739991	0.00929863077845389	0.00154111629557154	0.000695616664945767	0.00554421257513711	0.0057086670910485	0	0	0.000865666656146007	0.000578694545889149
BZ308	0.193921742326894	0.0295697948850946	0.00872102636485872	0.280147971384643	0.114050718077216	0.0387045587310837	0.014854541290376	0.00673468294790238	0.000626710566389165	0.213720091507748	0.0888163723490929	0.00488685771704984	0.00360808803427258	0.00157924699726703	5.75968201123466e-05
BZ309	0.485786140338871	0.0555171374727105	0.0179893551267706	0.26659381406664	0.0678085150242093	0.0190143388841704	0.00919970868491951	0.00673972017111668	0.000462510945831172	0.050574462461288	0.0155796018842379	0.00133311816762847	0.00155925937647387	0.00184231739513263	0
BZ310	0.471833437199131	0.0573297604970916	0.0186366165820368	0.257323802605848	0.0870082661901335	0.0204124009442586	0.0112572147239203	0.00497210342214458	0.000611563777345925	0.0470627972136203	0.0198294107269592	0.00115761314909797	0.00148534516340581	0.0010796678050068	0
BZ311	0.751543752563915	0.0511144201316365	0.00945371939230227	0.0951154020908232	0.0587557579689167	0.00517350426088719	0.011541809052711	0.000937876983589708	0.000537431563907965	0.00719143672903502	0.00863488926227569	0	0	0	0
BZ356	0.400478122259543	0.179066738222456	0.032739158445464	0.110309051635909	0.128232087575192	0.0340144507150482	0.0623578435365736	0.00781098825202252	0.00303074670703092	0.0158090357586795	0.020951036832738	0.00158567632985559	0.00361506372948736	0	0
BZ357	0.438606111504215	0.174621985123659	0.035046015174962	0.125303804888341	0.11152996525427	0.0384616110777304	0.0347390570449129	0.00717107146074691	0.00156527703194346	0.0135931771029299	0.0157579344339999	0.00152015288180461	0.0020838370204851	0	0
BZ358	0.444706499228401	0.181113521028298	0.0305146790334038	0.13237037269723	0.106800891292829	0.0280799536971704	0.0347837595467646	0.00584051136754584	0.00197443184110373	0.0169422148757098	0.0141794711236598	0.0011133941160497	0.00158030015183485	0	0
BZ359	0.533327327588459	0.122254846737866	0.0495404773232233	0.130913153818944	0.0795789620442257	0.043060125228292	0.019006406658316	0	0	0.012649575077018	0.00966912552365588	0	0	0	0
BZ360	0.459887351352816	0.138584485040677	0.0281888297472991	0.0841730066997188	0.124556763729009	0.0409229896355457	0.0599487492186125	0	0	0.0230637989761307	0.0406740256001911	0	0	0	0
BZ361	0.417188820104764	0.183422556414077	0.0116864314351987	0.063966420375121	0.169027558027005	0.0292266394261049	0.0888869260664526	0	0	0.00787224074102521	0.0287224074102521	0	0	0	0
BZ362	0.38449454298882	0.16012309330624	0.0143694581186521	0.116130673664351	0.175842026180828	0.0619274632931711	0.0370123311272107	0	0	0.0167117743994469	0.0333886369212802	0	0	0	0
BZ363	0.502519925218041	0.119393577304598	0.0175274362871041	0.107695550931864	0.127400458354658	0.0409527431461683	0.0340569152351503	0	0	0.022738890750362	0.0277145027720535	0	0	0	0
BZ364	0.625167629174593	0.0716221419846477	0.00629336025651959	0.123117980652114	0.107875998390269	0.0126239261828797	0.0250176994759	0	0	0.0132310905754066	0.0150501733076704	0	0	0	0
BZ365	0.537887823100454	0.100233224893101	0.0149378621788862	0.110940972989598	0.122470345387188	0.0369598848458802	0.0257821002095996	0	0	0.0210431825801473	0.029744603815146	0	0	0	0
BZ465	0.503384509219925	0.177374467192886	0.0414836443923589	0.0765022190193936	0.0982316254369725	0.0164770160232763	0.0600115415207857	0.00303353698124346	0.00754733950173203	0.0060351418598661	0.00991895885155969	0	0	0	0
BZ468	0.310143825526039	0.258866234291037	0.169919140145213	0.0254715402342838	0.0600172663192635	0.0238175883587288	0.0908283792354256	0.0056479109279521	0.0319790345995544	0.005311172252759	0.00974418074176128	0.000915583978818649	0.00395732833898243	0.000540366572341377	0.00284044847784005
BZ467	0.428792787532269	0.205810685806277	0.0556399408851344	0.0380593515086839	0.1533191884295	0.0188008429774365	0.0517295333457949	0.00345497636609122	0.00773296970232294	0.00601789138969976	0.0247497906425672	0.00207223700022291	0.00294352464233908	0.000401826169298653	0.000474453602362952
BZ366	0.180143906019727	0.0175504778481231	0.00431955867335889	0.351061695457024	0.0405017204759523	0.030024817923412	0.00370722154481499	0	0	0.323720108482041	0.0478191340631213	0	0	0.00115135951242533	0
BZ367	0.180870450850831	0.0129638451528517	0.0029595808257315	0.376962804713598	0.0279476104165143	0.0171049258896612	0	0.00299905730263301	0	0.340418443556489	0.0357103466381154	0.00206293465357425	0	0	0
BZ368	0.156674846391538	0.0155386433992088	0.00363493763600875	0.341934502501575	0.0362653526993024	0.0496268673237661	0.00210468523438784	0.00515603374023833	0	0.269080069578734	0.119984061495241	0	0	0	0
BZ369	0.152883345870112	0.0105556261768165	0.00193489612190227	0.280659431433309	0.137588719590246	0.0161590359133199	0.0100275821998274	0.00346040407070522	0	0.256228535822518	0.126601006238091	0.00238518106997943	0.00151623549317277	0	0
BZ370	0.127552085509187	0.0140687486792128	0.00227242229876052	0.271755541311017	0.0539177823651201	0.0250280195916804	0.00255340104572362	0.00237135675617178	0	0.423518570297041	0.0677086683432725	0.00624137884420206	0.0030120249586112	0	0
BZ371	0.4108310088767	0.0049800581770192	0.00346587519304562	0.36579724831854	0.117886395395177	0.0104832241659658	0.00481983025482622	0.00377094286474148	0	0.0605871624766728	0.0173782542773116	0	0	0	0
BZ372	0.204224105168042	0.0365227541474907	0.00556979157231942	0.248925308255074	0.153597342133571	0.0506250070322282	0.00490571329679438	0.00665625414065039	0	0.192341868449278	0.0882070211846702	0.00286319259982286	0.00440849778065491	0.00115314423940505	0
BZ373	0.175872609224849	0.0518479696297854	0.0159695332406964	0.285595698242541	0.0697828777916082	0.103550260153575	0.00572113743487541	0.0163660562510991	0	0.217020491619572	0.0582733664113978	0	0	0	0
BZ374	0.149237627936804	0.0231889480220889	0.00942202970084627	0.270727464215452	0.0960354822082675	0.0420690479745496	0.0106411156323887	0.00702561911087389	0	0.284295301399117	0.099656127379892	0.00468584367210879	0.00301539274761146	0	0
BZ375	0.23563228799213	0.0917940012913719	0.0253883156088029	0.249418885633706	0.0702844790276198	0.127189609727304	0.0272640252291879	0.0175959768973119	0	0.104048961310356	0.0385437097971735	0.0085465985027306	0.00429314898230549	0	0
BZ376	0.670645712230386	0.00890932975290498	0.0027408683787917	0.231883727806883	0.0446093142023107	0.00579870931679437	0	0.000694673673348992	0	0.0214679796854531	0.0132496849531278	0	0	0	0
BZ378	0.312919859696372	0.113299118309745	0.0254626849258462	0.128651467086623	0.215813116772829	0.0522910445361668	0.0601548505618326	0	0	0.0325176470788964	0.0482068006924469	0.00442834266212134	0.00625506767712112	0	0
BZ379	0.375565900502468	0.122748969776161	0.0123240902092148	0.145770321683232	0.166338354613718	0.048494751285301	0.0543557048007102	0.00340093674968495	0.0041662904881055	0.0237793213628122	0.0358135172894055	0.00276584068321174	0.00447600055597619	0	0
BZ380	0.376146082332553	0.115657519387183	0.022298536561313	0.120354369974105	0.190489872465943	0.0623423693932614	0.0422157787247845	0.00563173880459952	0.00210355828523364	0.0216715581652747	0.0349416150229378	0.00293695980838959	0.00321004107442138	0	0
BZ381	0.360831783144084	0.135957294581738	0.014389705838521	0.139664569645923	0.174829399597424	0.046720628327247	0.0542057253189612	0.00372968136047207	0.00316088095573727	0.0207435747378608	0.0398460287822617	0.0021803277931837	0.00374039991658644	0	0
BZ382	0.338362039232582	0.174579303098402	0.0114057041441813	0.124655237285841	0.182399727923521	0.0506689224000106	0.0527363570022363	0.00234376377473177	0.00185302598602942	0.0180819651009943	0.0353204753767922	0.00263840781561597	0.0049550708590631	0	0
BZ383	0.340801826321038	0.10250664653398	0.0137876667147249	0.12605945512923	0.219325884585723	0.0382806984163885	0.0652446240223168	0.00495755928046628	0.00441169361017049	0.029512434288517	0.0455461165786172	0.00371348810731963	0.00585190641150758	0	0
BZ384	0.459956932637732	0.0879829551442253	0.0228724854337332	0.112042302380599	0.159709099653892	0.0204554422364554	0.0543174559902315	0.0054677703963151	0.00367123824410793	0.0229109245532511	0.0391598746038179	0.00324719860879757	0.0082063201168411	0	0
BZ385	0.381341427920717	0.108344638966007	0.0286513695253574	0.129619369730666	0.172879993024278	0.0555397889241788	0.0353633091793286	0.00934406842821176	0.000946147218921122	0.0272799029547819	0.0447954606132894	0.00343287326215069	0.00246165025211163	0	0
BZ386	0.394922187633197	0.133175316643534	0.00818177846945201	0.075301462568089	0.19676222649332	0.0210057596816211	0.119756068286725	0.00157478122264413	0.00485792041803942	0.0105960837157852	0.0281153293244369	0.00396316321828269	0.00178792232487228	0	0
BZ387	0.420132999516321	0.136550712699818	0.0113445184097099	0.0996248281270665	0.16267966620267	0.0376877168273805	0.0784863261061912	0.00256990426704103	0.00295402569841725	0.0154123067920775	0.0270809839937646	0.0018564872795025	0.00361952408003991	0	0
